949165
949944
949540
949602
949104
950171
949060
932303
932659
950159
950177
949968
950064
949624
949167
949572
950158
948501
950206
948705
950191
932701
932591
950202
948446
931234
931895
950203
948889
932629
932731
950183
932713
932705
950122
918330
949947
948327
950036
949649
950181
950054
949526
948549
947199
950161
949646
948686
949876
932597
949932
949557
950070
950000
950020
950001
948983
949266
950149
949671
949742
949919
932727
950201
932716
949388
950180
950157
950170
950016
932723
950145
949511
950163
932362
948456
949317
950164
950160
948320
950200
949759
950040
949402
949982
949996
948896
932664
950045
950185
949921
949049
949707
950039
950135
946405
932668
950205
949733
950119
949952
950053
932725
907469
949903
932254
948872
950014
950162
949782
947611
949085
949725
932704
948457
948963
950126
949703
949248
948879
950141
950103
949662
949910
949553
950178
932558
950024
950013
949997
948559
950048
949133
948843
950195
949444
950021
949722
949543
949738
932736
949999
949672
949243
948984
932433
950061
948897
950005
949962
950033
950182
949055
898605
949946
949993
950012
949992
950025
949723
949567
948838
949650
949309
949913
949680
950193
949280
950148
947593
948972
950115
950069
932724
949905
950138
231265
932575
949312
949840
949986
946959
949990
949961
949974
950052
948036
932589
949938
948855
950197
950042
950130
950154
949915
949585
898539
949556
950169
950094
950173
949433
949316
950133
950194
949929
949698
949258
932695
950144
950029
949892
949582
948317
949513
950121
948796
932543
